0.2611104760412043
0.017924297931907345
0.013244075966202645
0.20391793887390575
0.015855545197568315
0.012622315101158129
0.22633480253829277
0.020514824703274304
0.015871605904951024
0.1743839232269439
0.01959271757392297
0.016176062616704793
0.3238340711652784
0.016519410167098174
0.01116986231943768
0.2936330502819474
0.020714380593314017
0.014631953834998046
0.20309385180194697
0.021328327495321434
0.016996675311803232
0.09892306152812198
0.014733438867864606
0.013275961988218012
0.09755661968742396
0.019858625099429764
0.017921284763089563
0.15310720489837906
0.01855629480117378
0.01571519237089574
0.20966337676078542
0.018199126825373783
0.014383436441068122
0.29269759618745644
0.02040143574613913
0.014429984544471358
0.1666972492876079
0.020380875177348632
0.016983439347210527
0.0
0.039477085114359226
0.039477085114359226
0.1903549485011609
0.020521366640996238
0.016615022950875958
0.07461829765871654
0.014867906609234538
0.013758488728304676
0.11127684067314501
0.020752006433154887
0.01844278871964463
0.3298675987877736
0.020745182841502858
0.013902019191162988
0.33388606297543394
0.02127664099487576
0.014172667099754973
0.0
0.017971115575356484
0.017971115575356484
0.11059826608757918
0.015070236743016248
0.013403494689709325
0.2660618410701582
0.01929518729485764
0.014161474239394291
0.2194868490821083
0.01576857263381806
0.012307578311898972
0.32259344008991986
0.021305814618158673
0.014432698586568765
0.45072649598971
0.021938670169976904
0.01205033023758924
0.1758717039275696
0.021086752203807138
0.017378189163425144
0.20806092539187732
0.022383390120167948
0.0177262812583584
0.2135760046569422
0.019295647102231007
0.015174559886866204
0.20729905369312582
0.021303263009423073
0.016887116746993898
0.16016214923439634
0.01892440913741184
0.01589343509697291
0.10739308232653702
0.016275368075505024
0.01452750613187762
0.1010352914987775
0.020953034045576902
0.01883603814299823
0.160499216520005
0.019809631148633246
0.016630200869727323
0.17111139019624483
0.020263196645445007
0.016795932897623028
0.0
0.03627400131304385
0.03627400131304385
0.24370513490300785
0.022419377045733546
0.016955659738361654
0.0
0.033825354397431756
0.033825354397431756
0.0
0.023113677266065787
0.023113677266065787
0.0
0.034322590482468426
0.034322590482468426
0.18194600077493672
0.022313931094771897
0.018254000570510645
0.2322778459964474
0.0146945278388215
0.011281314564485211
0.3126952473574301
0.0194682232200086
0.013380602344618348
0.3686057849156529
0.01901365456980747
0.012005111502988497
0.0
0.024369962839264972
0.024369962839264972
0.22726774807945505
0.019028533224872763
0.01470396132960084
0.18792067306159604
0.019992664682224003
0.01623562967884567
0.042253558216231876
0.020677584295921356
0.0198038827841026
0.19321821785928708
0.01553415069125142
0.012532669778730209
0.23465393774808466
0.022062888485983076
0.01688574482465027
0.0
0.027015488155111535
0.027015488155111535
0.0
0.02374218801956248
0.02374218801956248
0.2753991204941273
0.020849127525299806
0.015107296141762339
0.2575242091864423
0.017867807243343088
0.013266414313105374
0.22496645670523638
0.019673440486170157
0.015247576288795113
0.2024576291441691
0.022716709634743617
0.01811753846013692
0.07059441806920941
0.01822567717180981
0.01693904609794862
0.18472088205171772
0.01919284325214187
0.015647524317525866
0.1416391025098417
0.019215813183638436
0.016494102650311104
0.27959263737937373
0.02122745407578727
0.01529241420588837
0.022485353323901284
0.020547151936052364
0.020085141964970344
0.0
0.028871895605182718
0.028871895605182718
0.19435632834086547
0.020701239963489836
0.01667782297208276
0.18252665953113278
0.023168738060617425
0.01893982569686111
0.23537721123130526
0.021417483354573805
0.016376295850981323
0.13758225029272217
0.019513563823603197
0.016828843801521214
0.06398621037839404
0.016059392738956287
0.015031813056612177
0.2779115574457895
0.017902975499951963
0.012927531695846501
0.276899543945572
0.019311778671138764
0.013964355964322616
0.2382544214892067
0.021065882616267986
0.01604684294036952
0.0
0.037274054401124544
0.037274054401124544
0.22983918692611136
0.022107661440645493
0.01702645451028979
0.3615967947179924
0.01952284178687908
0.01246344477295712
0.15681269585379848
0.019668822268688747
0.01658450122446644
0.056303741894203486
0.016437774323094245
0.01551226612029158
0.12625252220249428
0.019711097064089352
0.01722252134436989
0.002483834431353868
0.02150909581102314
0.02145567077826043
0.2397486693930516
0.020971247190641484
0.015943418581172417
0.21683244255675801
0.02002099384455023
0.015679792846822586
0.0873112461614852
0.02417550415886066
0.02206471076416837
0.06197904636419691
0.017005681984453208
0.015951686032283995
0.278976293510803
0.01964374674176384
0.014163607085081652
0.30461516634921226
0.022485545312119472
0.01563610718641545
0.1737680942852633
0.017081335159079992
0.014113144100638797
0.1186176508263829
0.018479853538556364
0.01628781672419719
0.18379334769673525
0.01892625550141601
0.015447735643447008
0.22291764068311487
0.02087827122895521
0.016224136265054357
0.28088816591499344
0.018068182207234655
0.012993043645626595
0.27110815239936376
0.020277030171850816
0.014779761985814188
0.1757596510961416
0.01856174341548183
0.015299337869040641
0.3353698513520155
0.019506029094265364
0.012964295016453499
0.35787765884627926
0.01910122359738547
0.012265322415253854
0.19131213949885825
0.01677445512781749
0.013565298228387132
0.0
0.04688553451363948
0.04688553451363948
0.1794153826073787
0.023660941158631616
0.01941580434780505
0.30574713529329545
0.018668024787989602
0.012960329687477552
0.1886770767429495
0.020745982603784734
0.016831691251942546
0.20440275697412852
0.019223623945654373
0.015294262212128745
0.012259576689971498
0.02633828589508321
0.02601538965927004
0.36445868364883754
0.01699696787103376
0.010802275334735212
0.29280791295305075
0.02056068524265629
0.014540353907869511
0.009469218440524774
0.029311469901009926
0.029033913189704396
0.2836857004199268
0.020604821325493124
0.014759528155743162
0.16295375014575122
0.014934329714431682
0.012500724681551913
0.12166777253371577
0.020034520552140722
0.01759696506278081
0.21270993613544711
0.02010833575182735
0.015831092938266025
0.0
0.03684926875037456
0.03684926875037456
0.24948837972416044
0.017555353227977778
0.013175496595644293
0.35113025698019124
0.020027526102609966
0.01299525571552304
0.17571573044254138
0.019318111721896073
0.015923615609912484
0.08410993712087178
0.02258227134062036
0.020682877918114316
0.2353754222856613
0.01683985094241344
0.012876163915615284
0.27344735414120785
0.022015304892537224
0.01599527801906093
0.31994112737746755
0.019605130794954368
0.013332643146033961
0.23827934502348175
0.020704974600297958
0.015771406813811135
0.3423150837960889
0.021513020743645705
0.014148789245077627
0.2669575271177828
0.022299986639217166
0.016346837351252155
0.3664736343465138
0.01795065312072205
0.01137221203267745
0.4319843375310025
0.02044210874078078
0.01161143793865788
-0.0007793313625011375
0.033252447815158195
0.03327836249062048
0.2906596336109966
0.017484510476912428
0.01240246906782543
0.20775988232659096
0.019631510522925128
0.015552870206788971
0.29983324201910555
0.020722443569148447
0.014509166131252704
0.09737143450310334
0.020729924161985873
0.018711421709192766
0.0
0.0556008714778851
0.0556008714778851
0.1464885980307442
0.022547214423286662
0.019244304592920824
0.2012823376718593
0.022512784871437944
0.017981358905011246
0.126396058011947
0.020552307454757085
0.017954576809426238
0.2443602030195605
0.02087174895826363
0.01577152414544903
0.2704110695205534
0.02210714254491179
0.016129126485298864
0.24409965422167906
0.0196369760853357
0.014843597012945875
0.12893915728938574
0.020998551887500914
0.018291016302829106
0.0
0.028870536606123025
0.028870536606123025
0.23208383083747125
0.019226147893404853
0.014764069838055676
0.16870340229567707
0.020332090948574858
0.01690199802976514
0.21291232058615037
0.022080967444845043
0.017379657425375845
0.2723678313890429
0.01870137021773386
0.013607718567526055
0.20158609084372445
0.018011976489127834
0.014381012560315482
0.22570697184008454
0.0191210995999519
0.014805334110994104
0.13139101956802413
0.018958452443574775
0.016467482047581587
-0.0007494247334850132
0.02806538502059025
0.02808641791427946
0.3372815194128972
0.019972976361380276
0.013236460547016058
0.2781672006095965
0.020798375949202936
0.015012949934187196
0.16301567084498203
0.022196185101929524
0.018577859097339087
0.11693514846145026
0.020855171888209345
0.01841646926727252
0.12340438252148733
0.017286363869158522
0.015153150809843266
0.22859430348957965
0.021740996649668866
0.016771128663368527
0.13506831113658663
0.018276554243495436
0.015807970928430292
0.17226012007717517
0.01769162925257415
0.014644067073164862
0.4131616783920875
0.023019513549194057
0.01350873269543964
0.3094112258260599
0.021754006227804306
0.015023072494231635
0.03855209705783643
0.025201523180061025
0.024229951612417998
0.3702484285126636
0.019302293506961523
0.012155649669318829
0.3901346809232484
0.022871343636739035
0.013948439284733884
0.18039965875695538
0.020191778148056817
0.01654918826045122
0.14461744734157073
0.022439910199597735
0.019194707667957833
0.3577553296427519
0.018771040795266633
0.012055600907818475
0.2495272174401048
0.01736475344425944
0.013031774835779905
0.21587954536093898
0.020760923106708472
0.016279064465158834
0.2557554477680773
0.01895523208476445
0.014107328215377694
0.30311776435346394
0.019565671859740112
0.013634969147542208
0.16060552500751407
0.015692237039499228
0.013171977071228096
0.059566184689942514
0.019400189089193016
0.018244593842886337
0.38549791211761286
0.02079439133102397
0.012778196889157642
0.2133555420464939
0.01992583073811688
0.015674544320259262
0.29741436027919654
0.020183391511633744
0.014180561036936629
0.3234138221763658
0.020430314806914908
0.013822868606944157
0.2012751277062636
0.02165590646641105
0.017297111126789267
0.16062959099575091
0.017132622227080226
0.014380616126059618
0.31189428583272233
0.02290759122250031
0.015762844418010638
0.0
0.024582444307306838
0.024582444307306838
0.39384273573663664
0.017626616127744677
0.010684501410214193
0.15801831857803197
0.020022187093965176
0.016858314755122027
0.26284230335916975
0.021289504454766694
0.01569372206650051
0.2358576062535506
0.020750968196436473
0.01585669451018141
0.0
0.04296008070051087
0.04296008070051087
0.2951541240448491
0.02249301874642332
0.015854111501198375
0.03585769377047351
0.022799349779625028
0.02198181767706132
0.3821718408216338
0.017246312339651813
0.010655257405422221
0.1500670228762364
0.019426078427315932
0.01651086467156835
0.29906334437497495
0.02107092372108435
0.014769382803986873
0.40371931996415056
0.01742643329113128
0.010391045493435126
0.2793372528840673
0.018920387403321824
0.013635218362575594
0.22181350463886032
0.020238079485623527
0.01574900014775755
0.18956198246779268
0.021902033419825974
0.017750240544687913
0.19012256601947647
0.019014823452123845
0.01539967642499874
0.2849922973751815
0.02180872644842615
0.015593407395062299
0.16391126281487822
0.02117787046716017
0.01770657897515803
0.17720000919193452
0.020760180038622848
0.017081475944952663
0.15274976000341334
0.020786179712971278
0.017611095750427096
0.17160105457876268
0.020434973824498385
0.01692831076592505
0.12685257461937907
0.016950571449207554
0.014800347819605836
0.3293702693907164
0.020264238878464354
0.013589801060066721
0.0204043229427816
0.02534484287454735
0.02482769851560103
0.285408009527597
0.021764308334702
0.015552600414149811
0.09021107795182108
0.020814518566747205
0.018936818409792746
0.3252993622780653
0.016018703611591138
0.0108078295422192
0.0
0.030602910953317793
0.030602910953317793
0.2514977447807574
0.01408040844095359
0.010539217472461821
0.0
0.026914019914266764
0.026914019914266764
0.09776953228856684
0.016220086739601805
0.014634256445390952
0.001976396041772772
0.029457178696570663
0.029398959645192967
0.29702621820121844
0.021186035424187805
0.014893227443464255
0.09285684876315657
0.018428855132987903
0.016717609719025923
0.38726350160299433
0.01715207540710235
0.01050970262518929
0.3214954190980918
0.02057091789878824
0.013957462027684876
0.0
0.05683331240907844
0.05683331240907844
0.24141077815085113
0.01770219458996687
0.013428694019025182
0.41840322123001905
0.02095906947257924
0.01218972729126833
0.1484727889429349
0.01943162505809119
0.01654655749202297
0.0743913243987345
0.022630468663697667
0.02094695812804114
0.22913087455415249
0.022359562792724785
0.017236296615379267
0.4543636067289372
0.020319990217857034
0.01108732617377479
0.14502812479007068
0.013755671976725007
0.011760712664713254
0.20896307620507998
0.018907252787989878
0.014956335082824438
0.306188658405301
0.02060855795917131
0.014298451245984759
0.22445596606180326
0.021436093880323238
0.016624634719823776
0.007968429346218784
0.02261759702905853
0.02243737030515123
0.21861020620826863
0.018721724561731903
0.014628964494717284
0.24004081594885926
0.022420161892547533
0.017038407938154903
0.19178551382488856
0.018298942408621306
0.014789470336331824
0.19060746346987514
0.022944258118325764
0.0185709112771936
0.18437457610368532
0.01673495186112455
0.013649452205614133
0.17543884087273756
0.0205845174926446
0.01697319360381044
0.2740947086457362
0.02019138595880161
0.014657033907270274
0.21429205413677965
0.015938085226539993
0.012522680204337677
0.0
0.022198980308620744
0.022198980308620744
0.31971545859920886
0.022638257829800047
0.015400456845858394
0.18222072744846318
0.02245581794855905
0.018363902466522364
0.0
0.04321947896164501
0.04321947896164501
0.019173462706263696
0.034486400001707586
0.03382517629740155
0.21293090023977781
0.018654429998333673
0.014682325425328567
0.0
0.026181493511113867
0.026181493511113867
0.3034043734194693
0.02013956037058504
0.01402912967540411
0.0
0.029782320439641092
0.029782320439641092
0.24734045789113238
0.02218941138395141
0.016701072211910164
0.23989997577577543
0.021836723512069087
0.016598094070501408
0.28993259751625367
0.015544200621264508
0.011037430158827525
0.18520566373584393
0.022712228003573864
0.018505794741252145
0.2513529873696647
0.021691406880025216
0.01623920696047998
0.1778510934860315
0.01949445174631702
0.016027342186323863
0.2660962398418831
0.017893799394520283
0.013132326659153471
0.35863501772556783
0.02181841949714256
0.013993570234040962
0.19261954535585352
0.021437778085969684
0.017308443017610524
0.17727592503696799
0.01973225116985346
0.016234198090655894
0.16732237127547767
0.01918798882116264
0.01597740903159835
0.2851405549556575
0.022239493983625295
0.015898112327201373
0.21438916122805649
0.019544913841210404
0.015354696156518674
0.10679601615434108
0.021662485983282232
0.019349018780268436
0.14889959001679812
0.020445938023008602
0.017401546233873758
0.30366081152894386
0.02022663022331356
0.014084595275206302
0.10089566715239784
0.020159100614604533
0.018125134708901695
0.17917498072533294
0.01939774156863122
0.015922151596956733
0.23399841575500002
0.019234016069389515
0.014733286780546155
0.10149552659125552
0.019868594338342073
0.017852020893344006
0.0
0.03315944492350407
0.03315944492350407
0.2876005503672285
0.01698748879898908
0.012101877671042692
0.24826366084490736
0.021441447101425384
0.01611831495021309
0.2227849199836541
0.02167609163028226
0.01684698529087147
0.14617226424686075
0.01818690749486961
0.015528486046696316
0.23626615335346207
0.018779083241946524
0.014342221480867357
0.0
0.02709243319022211
0.02709243319022211
0.29654558471033854
0.022966805466250465
0.016156100710332622
0.10493791619512277
0.022800986614331928
0.020408298591831048
0.16684086934782616
0.019531729977611795
0.016273039168280046
0.2687548163125094
0.019708870902568745
0.01441201692342192
0.3091326826429663
0.02015445123211358
0.013924051655533471
0.33807474552668115
0.020890559807071586
0.013827989116385947
0.19898241333383637
0.01986669258931138
0.01591357015292876
0.04006568882612292
0.022949485079925117
0.022029998151993087
0.30628931031023315
0.020718416413169332
0.014372586939259482
0.1507849229131313
0.01940118116829681
0.01647577556141148
0.0
0.05504176135919382
0.05504176135919382
0.10431006404718797
0.016611174027905528
0.014878461401155717
0.3103347261815462
0.02306139040942625
0.01590464013135122
0.2567472793393174
0.01964930511979416
0.014604399489378889
0.249495925746128
0.02085317179807369
0.015650390395570247
0.133427248262874
0.02081244016176278
0.018035493541343046
0.3191146088877144
0.019619482462354194
0.013358618989800662
0.033448407317775444
0.02249874411131116
0.021746196954137622
0.0
0.023351359627431546
0.023351359627431546
0.22027643831765187
0.020006125806803714
0.015599247669546132
0.3678155895027408
0.022039841476389092
0.013933244191204081
0.05979222039213801
0.012454998100954792
0.011710286109518842
0.13028716967944495
0.019791489737736347
0.017212912556066898
0.2950297686514354
0.021289039006147426
0.015008138753352367
0.2352741491691174
0.018091413706197105
0.013834971739205072
0.1391083530456087
0.01895208489933439
0.016315691582207432
0.13614819292439911
0.019852273872684706
0.01714942265947842
0.0
0.021606683521085402
0.021606683521085402
0.198600447056952
0.021411443221994585
0.017159121025971915
0.043789131858232765
0.021746464621125998
0.020794205814381118
0.021586229887746694
0.019615292218780413
0.01919187201163049
0.3205235435107759
0.021637745072764367
0.0147023383484591
0.24083261225835903
0.02232228390454782
0.016946349960242846
0.28566457417578844
0.019033302639738653
0.013596162345998801
0.281470951179812
0.023214361099179393
0.016680192799561743
0.07582482433418608
0.01916921672373656
0.017715714233035293
0.0
0.03209772610285722
0.03209772610285722
0.21750790114706167
0.021621821200116586
0.016918904251902185
0.3590550824477409
0.019785996257154513
0.012681733739731206
0.33660269236767654
0.020380412954020207
0.013520311082131933
0.2904489849076906
0.019332958709587105
0.013717720477125234
0.29974474357170733
0.02192866930746126
0.015355665949027516
0.30685621539992075
0.021370142543311814
0.014812581479914313
0.11040429762904995
0.01662643690086859
0.014790806812754475
0.2879950581097523
0.02276127007443839
0.01620613677669874
0.0
0.058518910623282384
0.058518910623282384
0.4447198186245003
0.021917600523397137
0.01217040919394771
0.0920888338180745
0.020662874671586496
0.018760054639751066
0.2766977559058739
0.02137866613306543
0.015463237189785319
0.42520822610654596
0.020298034006590342
0.011667142973197717
0.2897696701904086
0.021467576200302835
0.015246923724953617
0.4397437511370052
0.019879604945649547
0.011137672895727854
0.29811025291499627
0.01947736931085906
0.013670965819480078
0.1440331834732987
0.019409932664064267
0.016614258271456725
0.38477954605524467
0.02321661526862109
0.014283336584621805
0.0
0.03562671615920856
0.03562671615920856
0.2528295852928161
0.019464351780984854
0.014543187792204967
0.3300706868382691
0.01996201176444599
0.013373136830681694
0.36645063415705154
0.018365276532098983
0.011635309300441694
0.3348748967998518
0.013537851272665036
0.00900436472483959
0.19756487278985396
0.020642240918966066
0.016564059217713017
0.282080301550754
0.0191006967500802
0.013712766450988071
0.20225215659509904
0.019554905257172316
0.015599883496896375
0.0
0.02733613405498001
0.02733613405498001
0.0
0.04674772528984723
0.04674772528984723
0.006530489942981212
0.0332898532548272
0.03307245420294323
0.16221533447386324
0.01853268722067875
0.015526401164476854
0.14853826183778418
0.021355047011578736
0.018183005447014663
0.2668676163356821
0.020372590072389698
0.014935805521187078
0.021771475445269677
0.016582813681736704
0.01622178136085129
0.21132537890928005
0.02081765416575259
0.016418355511172572
0.07077562081071954
0.021460890643047414
0.01994198278463477
0.2134517224711414
0.017724073766327206
0.013940839691699094
0.0
0.04689302810421957
0.04689302810421957
0.06039318061044756
0.017919222349817333
0.016837023518046047
0.00485362215017338
0.02672444893138172
0.026594738554097188
0.10682647394727225
0.015378939884631885
0.01373606196370959
0.005574218719367392
0.030015183866061244
0.02984787266628979
0.15676075933027733
0.021357394123559498
0.018009392803434308
0.28014303037577665
0.022325775888905056
0.016071365375896745
0.37422170211156974
0.01592563339232091
0.009965915757041727
0.14719459259177278
0.01940398872197065
0.016547826507384827
0.277920569465382
0.018651981205697093
0.013468211967352154
0.2788319945094378
0.0216345002409719
0.015602109388566793
0.22453323348433302
0.021103704900281888
0.016365221800522432
0.1449844781561157
0.01996290899406938
0.017068597051086203
0.27258040214390855
0.021251263193108653
0.015458585325865054
0.30926008104546915
0.01897627864641138
0.01310767317428079
0.1927063824557894
0.02102739024477557
0.016975277938218715
0.41441268022897754
0.017921710517021884
0.01049472642737499
0.3071461620093987
0.022003636604637205
0.01524530407127337
0.22050733300585865
0.02232459924905789
0.01740186140822354
0.0
0.0355906846223774
0.0355906846223774
0.12758264396501665
0.015104770966286284
0.01317766434992146
0.11690803851687807
0.020960662681636925
0.018510192721512827
0.10827301512877072
0.017606207668370986
0.015699930479133175
0.0
0.032497324836262345
0.032497324836262345
0.25046728765215726
0.015885587051609452
0.011906767150030603
0.09180867399278636
0.022252261694866025
0.020209311055319902
0.13963071568075444
0.018565013835635597
0.01597276766714269
0.06115461155411694
0.021801269282989904
0.020468021128601955
0.24881097923050421
0.021347609857081243
0.016036090144310094
0.08885577213280943
0.016032500224886555
0.01460792003818482
0.12113012195480616
0.021646998026824016
0.019024894515879374
0.302775173391654
0.01840716042609571
0.01283392923643659
0.2297425817750042
0.02015897193886966
0.015527597679703882
0.3518086639224694
0.019695399295614986
0.012766387184005133
0.27257846650711376
0.020765680571520142
0.015105403205358615
0.0
0.031155941973351968
0.031155941973351968
0.2309980561234238
0.0228003773511365
0.01753353450414343
0.23365869588717433
0.021441526011473207
0.01643152700580145
0.0
0.03688375542234276
0.03688375542234276
0.0
0.042862153979262116
0.042862153979262116
0.18739751280085232
0.01980267653366695
0.01609170420445796
0.0038782906307695706
0.021593262393550753
0.021509517446322096
0.0
0.025013809158980615
0.025013809158980615
0.3390036280173786
0.020393297077800923
0.013479895381190205
0.20708507064091333
0.02220541470796853
0.017607004834558092
0.26737011270673317
0.01935800008805939
0.014182249422738
0.18132007419095317
0.01723424491783977
0.014109330350712004
0.12558404047805716
0.018818562687671687
0.01645525154936427
0.10517570029896194
0.011885682059271407
0.010635597125156729
0.0
0.02563452250857279
0.02563452250857279
0.0
0.03438783649327226
0.03438783649327226
0.15609428344526263
0.01910668515598398
0.016124240827546425
0.21480211336100566
0.0169359388801666
0.013298063416953991
0.27480794481302134
0.02224894069468473
0.016134755028111625
0.1300002705447378
0.01981139411516554
0.017235907520325593
0.19704028437010693
0.02176990733770955
0.017480358605176383
0.10408563052298192
0.021636107432142768
0.019384099548005213
0.2826432279684067
0.02018075380172574
0.014476800404370282
0.4747703001690064
0.021900202092881
0.011502636571481985
0.14334742792048272
0.02187101285464525
0.018735859415916038
0.18014675473672861
0.021365594906519833
0.017516652321090707
0.08038337658921539
0.018323627098534596
0.016850712080992737
0.24216221164207363
0.020964101875326633
0.015887388600107792
0.08831496492163984
0.020962177286056895
0.019110903334357585
0.1916603204835581
0.02216398711375859
0.017916030240342166
0.1667259067160742
0.017824683419044984
0.014852846914077735
0.3384152688929681
0.022925287132093058
0.015167019922837284
0.0
0.056487133607044264
0.056487133607044264
0.26003036106072663
0.023143762118123384
0.017125681298244193
0.1453944019113825
0.020612667166936608
0.01761570075240147
0.22061929326858584
0.017594577549572023
0.013712874285226117
0.2615762328941153
0.02228522790112448
0.016455941937561506
0.16135834942119173
0.018929896585387993
0.015875399717655933
0.26144264525064265
0.021316472091432913
0.015743437240437193
0.15046028563208427
0.020658724679456113
0.017550407063390557
0.10631853275744654
0.020700671331122036
0.018499806328103004
0.0
0.03746510193506471
0.03746510193506471
0.0
0.05863625988638464
0.05863625988638464
0.17590381786125972
0.02137519575967212
0.017615217218013984
0.1394945575021925
0.02143142819444978
0.018441860601824997
0.03713546846872507
0.02158747238867746
0.020785811488468257
0.0
0.04050073866316765
0.04050073866316765
0.0
0.026185895551208677
0.026185895551208677
0.26849230326469187
0.02161136849161581
0.01580888238859989
0.22382294948463557
0.023183517608460154
0.017994514317905618
0.22026477350467938
0.02049632710034257
0.01598170825390779
0.09487978108408855
0.022301383143540607
0.020185432793009092
0.3438439382212014
0.021053717770690365
0.013814524538218497
0.25761634355606194
0.021931748771176738
0.016281771844956033
0.21984377286856358
0.020172987142372693
0.015738081538964457
0.18928911910759744
0.022240601198111443
0.01803069738889755
0.0
0.025178190259576013
0.025178190259576013
0.10063914826298746
0.022200164430224396
0.019965958790668342
0.2609382727180831
0.022945002360964337
0.016957773077381964
0.1870169789090327
0.019751712863846135
0.016057807195770952
0.21511064396646712
0.019517140861881783
0.015318796122698144
0.0
0.02996070534109445
0.02996070534109445
0.003913940173923987
0.027230092806134604
0.027123515851960996
0.2995884596065918
0.020344769380882546
0.01424971126101259
0.2678128051670035
0.0226728675473272
0.016600783288297585
0.26208505392172676
0.02243126864296434
0.01655236839114029
0.1860430458955715
0.020210462297898416
0.016450446333039784
0.18987723582263846
0.02021348284712893
0.016375402597767773
0.00997862709670127
0.019239018975066705
0.019047039979008154
0.3040971390338049
0.015939566919612146
0.011092390221920214
0.022084925830349742
0.025293178461006594
0.024734580490681463
0.19606269573483517
0.01603141412119273
0.01288825185215018
0.3355162064869638
0.01962168829931643
0.013038293876260139
0.1979194206176788
0.019981404213710117
0.016026696268604965
0.2554610285750285
0.020822597369030534
0.015503235227534311
0.20004908472122832
0.022514645904151392
0.018010611598203354
0.12920084166845297
0.015346197883885703
0.013363456200877038
0.1283995461039819
0.02180200122382747
0.019002634162529564
0.20228981282464875
0.02037675814600375
0.016254747554675514
0.23538960973099368
0.021075751287906307
0.016114738417458554
0.0
0.04775851791829679
0.04775851791829679
0.29333510443936
0.022273296406558438
0.015739756678931797
0.12660985500990213
0.02223064678444519
0.019416027818290237
0.15326721924067213
0.021102109758293998
0.017867848075528825
0.15482664960112288
0.019890639035731298
0.01681103803540371
0.36296671505673284
0.022027157616238933
0.014032032574235794
0.05176141456037763
0.0163940857255227
0.01554550465794555
0.2801748879496236
0.020632103989298954
0.014851506565932138
0.1516479163060062
0.016353149094572368
0.013873228109339017
0.3291952677125142
0.02323530457890422
0.01558635226767004
0.0
0.04025992267601507
0.04025992267601507
0.14025047911050711
0.019640568381250594
0.01688596925577752
0.28177118412362395
0.02033639874536235
0.01460618759007142
0.07579230866990942
0.012772632174774132
0.011804564894456434
0.2779423200087718
0.019785642294058256
0.014286374971984027
0.18821610298809102
0.02323224737382316
0.018859564309466854
0.29105345852652975
0.01980698414120818
0.014042092903929413
0.11108919883400183
0.021177363948848737
0.018824787554355057
0.30635754646968383
0.023081258222617827
0.016010140584103414
0.11395614636240164
0.019654532725333896
0.017414777917401134
0.10776302415803872
0.016823112747566843
0.015010203242137388
0.14258626241399164
0.015709789785831867
0.013469789576960598
0.16084214204018935
0.01752582543829412
0.014706934133776455
0.07517961071097513
0.017462026396333735
0.016149238049632593
0.2856996025333087
0.01763036066090139
0.01259337362756298
0.17944420656188045
0.020631794572586674
0.016929538565561147
0.32595337658278134
0.017843288691706184
0.012027208493303194
0.0
0.027896253046580943
0.027896253046580943
0.1107506147571078
0.016042790445899797
0.01426604154159694
0.2718344127570108
0.021237460581462763
0.015464387955850667
0.2604414106257858
0.018636031937583643
0.013782437491292163
0.0
0.026538676208226104
0.026538676208226104
0.4860810620897587
0.02226496426460705
0.011442386787476331
0.1909491612415709
0.02103960199935066
0.017022107644718173
0.0836778308994129
0.022160319518632517
0.020305992049275426
0.3565033410551467
0.021470137496607433
0.0138159617461535
0.09136235059475388
0.016263333549900963
0.014777477168275488
0.30436804059199
0.022842358107867673
0.015889874328075433
0.13526362449530274
0.022718395722838684
0.01964542317464894
0.0
0.025755998964784133
0.025755998964784133
0.0
0.022619985440661117
0.022619985440661117
0.03184138563663835
0.02031876624187592
0.01967178857030764
0.34244768023094285
0.021690743942345582
0.01426279899680596
0.4393555725435431
0.0212438246872416
0.01191023192876391
0.0
0.024613768188170793
0.024613768188170793
0.08088612105942454
0.022491054484060764
0.02067184032830891
0.310338404073302
0.021935519792973313
0.015128085587903647
0.00543510380860941
0.022111450848437707
0.021991272817717483
0.3441195697790956
0.018089595393563196
0.01186461160925232
0.21449069564859563
0.022270738263825342
0.017493872121009647
0.2483200344628693
0.02051329969275806
0.015419436406105214
